0 517
2 1
3 529
3 0
4 247
6 8
8 7
8 10
9 11
10 386
11 5
11 419
12 361
12 16
13 118
14 15
15 12
17 18
18 19
19 20
21 32
23 38
25 27
26 22
27 29
29 34
30 24
30 26
31 25
31 30
31 28
33 23
34 21
34 36
36 37
37 33
38 35
39 31
40 128
40 127
41 129
42 41
44 45
47 48
48 51
48 50
49 47
52 53
52 54
53 655
53 46
55 475
55 56
56 52
57 95
57 58
58 59
59 301
60 57
61 76
62 79
63 692
64 72
65 63
65 85
68 61
69 75
70 67
70 64
71 158
71 83
72 81
72 87
73 88
74 73
76 156
77 70
77 65
78 66
78 62
79 74
80 77
81 662
82 668
83 78
84 80
84 86
86 69
87 82
88 84
89 425
91 93
92 312
93 94
94 92
94 90
96 97
98 96
99 101
101 98
101 100
102 13
103 221
103 104
104 102
105 107
106 105
108 109
108 111
109 530
111 110
112 116
112 113
113 117
115 214
116 115
118 707
120 119
123 124
124 121
125 122
125 525
128 43
128 130
129 131
129 40
130 688
131 126
133 136
134 91
135 137
136 556
137 133
138 142
139 143
141 140
142 144
142 294
142 256
143 141
143 138
145 155
145 148
146 149
147 145
148 154
149 152
150 114
152 153
153 147
154 150
155 151
156 71
157 160
158 162
159 161
160 690
162 159
162 211
164 471
165 169
167 168
168 174
169 176
169 178
170 165
171 167
171 170
172 658
172 177
172 173
175 179
176 166
177 171
178 175
179 164
180 193
181 197
182 185
182 184
183 196
184 198
185 195
186 250
186 189
187 191
188 186
190 188
193 192
193 187
194 201
196 190
197 194
198 200
198 199
199 183
200 180
201 182
202 203
203 210
204 209
205 206
206 55
207 205
208 207
209 208
210 204
211 202
212 219
213 310
214 213
215 281
218 220
218 217
219 215
220 212
220 216
221 222
224 229
226 228
226 223
226 232
227 226
229 230
230 225
230 227
232 231
233 539
233 241
236 238
236 245
237 240
238 234
238 237
239 233
241 235
241 243
242 244
243 236
244 239
247 249
248 125
248 108
249 248
251 253
251 252
251 254
252 465
255 103
256 257
257 255
257 224
258 263
259 268
261 265
262 259
263 42
263 261
264 260
265 264
265 262
266 267
267 457
269 285
270 275
270 272
271 274
271 283
272 280
273 277
273 279
274 270
276 284
278 273
279 269
280 278
282 337
283 286
284 282
286 276
287 289
289 360
290 287
291 290
294 293
294 295
295 288
295 296
295 292
298 299
299 300
300 181
300 120
302 647
302 701
303 306
304 307
305 303
306 302
306 304
308 568
308 570
309 311
312 309
312 89
314 9
314 317
315 316
316 314
317 313
319 318
319 315
320 305
320 322
322 218
322 321
323 332
324 328
325 331
328 326
330 329
330 327
331 324
331 330
332 333
333 319
334 339
335 112
336 340
337 334
337 342
338 336
339 335
339 338
340 146
342 341
343 347
345 353
345 351
346 352
347 349
348 355
349 359
349 356
350 358
350 348
351 323
352 345
353 344
354 357
355 346
356 350
357 343
358 325
362 363
364 362
364 400
365 391
366 44
369 372
369 411
370 397
371 370
372 398
372 402
372 409
375 368
375 367
377 392
378 432
379 377
381 437
381 410
382 366
382 384
383 405
383 375
385 387
386 395
386 404
387 373
387 365
390 379
392 382
392 374
394 388
395 406
396 380
397 431
398 403
399 407
399 364
399 389
400 385
401 369
402 383
403 378
405 399
406 408
406 412
407 376
408 396
408 390
410 394
411 393
412 371
413 417
413 420
414 424
414 422
415 132
415 421
417 6
418 423
418 414
419 413
420 418
423 876
423 416
425 426
426 427
427 532
428 445
429 443
430 440
431 428
431 436
432 381
432 448
435 444
435 441
436 447
437 451
438 446
439 450
442 401
443 435
444 430
445 434
445 429
445 449
446 439
447 442
447 433
450 648
451 438
452 458
452 453
453 455
454 460
454 456
456 106
457 14
457 452
458 454
458 459
462 470
464 468
465 467
466 469
467 466
468 251
469 461
470 463
470 464
471 472
472 462
475 473
475 476
476 474
477 480
477 489
478 487
479 354
480 483
481 488
483 486
484 477
485 709
485 478
486 481
486 482
487 484
489 479
490 499
490 495
491 485
492 494
494 500
495 492
496 490
497 498
498 493
499 491
500 497
501 509
502 508
503 522
504 524
504 520
505 242
506 502
507 519
509 516
510 504
510 507
511 505
511 506
514 510
516 523
517 512
517 521
518 511
518 514
519 503
521 513
521 518
522 266
523 258
523 246
524 515
524 501
525 526
526 713
526 123
527 531
527 528
530 527
532 533
533 535
534 320
535 534
536 550
539 536
539 538
540 551
540 543
541 547
542 537
542 546
543 553
546 540
547 542
548 552
549 544
550 541
551 545
551 4
551 548
552 2
553 549
555 558
555 571
556 559
556 562
557 567
557 572
559 134
561 557
562 569
564 561
564 563
565 555
565 566
566 560
568 573
569 565
571 564
572 308
574 589
575 576
576 600
578 585
579 580
579 595
579 596
581 598
581 588
582 584
583 594
584 586
584 574
585 592
586 291
589 710
589 597
590 587
590 575
591 583
595 581
597 49
598 577
599 593
600 601
600 602
601 582
601 599
604 578
605 139
606 608
606 620
607 638
608 612
609 605
610 869
610 776
611 635
613 607
613 619
613 628
614 637
614 629
615 621
616 622
617 615
618 616
618 617
620 610
621 611
622 632
625 614
625 627
625 630
626 625
626 631
627 636
627 639
628 606
629 640
632 884
633 135
633 624
634 618
635 642
637 623
638 634
640 609
641 626
642 633
643 613
644 641
645 703
645 646
646 695
647 645
648 649
650 654
651 650
652 172
653 651
653 652
654 60
655 653
656 657
657 298
658 297
658 656
660 659
661 675
662 664
663 676
663 670
664 667
664 671
666 663
668 678
669 660
669 674
671 680
672 669
672 673
674 39
674 679
676 665
676 661
677 666
678 672
680 677
681 691
683 689
684 686
685 681
685 683
686 682
688 157
689 684
689 687
690 685
691 68
691 163
692 17
692 693
694 698
695 99
696 700
697 271
698 696
699 694
700 697
701 699
702 704
703 702
706 705
707 706
709 708
710 711
711 712
713 496
714 737
715 730
716 741
718 726
718 719
719 715
720 727
721 729
722 744
723 720
723 732
725 742
725 716
727 731
728 745
728 718
730 717
731 738
732 736
733 714
736 735
736 746
737 590
738 734
739 725
741 728
743 721
744 724
744 743
745 722
745 740
748 751
748 772
749 760
750 770
751 752
751 753
753 758
756 766
758 750
758 777
759 749
759 757
759 767
760 774
762 643
763 793
764 747
765 778
766 723
767 810
769 762
769 771
771 773
772 756
772 761
773 644
774 764
775 759
775 763
776 754
777 769
778 768
778 779
779 748
780 824
781 814
784 792
785 789
786 784
786 816
787 782
787 837
789 800
790 781
790 878
793 798
795 785
795 788
796 579
797 801
797 787
797 794
798 807
798 783
799 786
799 809
800 803
801 811
802 806
803 603
803 604
804 795
805 797
806 790
807 805
809 808
809 817
811 799
812 775
813 796
814 815
816 804
817 830
817 832
818 846
819 733
820 845
820 838
821 828
822 851
824 755
825 821
826 843
826 844
828 591
829 833
830 813
831 841
832 840
832 842
833 780
833 818
836 827
838 849
838 823
839 850
840 825
840 848
841 854
842 839
843 554
843 765
843 829
845 822
845 835
847 836
847 834
848 847
849 826
850 820
851 852
852 739
852 853
853 831
853 819
856 861
859 858
859 864
860 855
861 857
863 873
864 885
866 872
867 865
868 859
871 874
872 880
873 866
873 882
874 881
875 860
876 415
876 877
877 871
878 888
879 791
879 802
880 862
881 863
881 886
884 856
884 875
885 883
886 868
886 870
886 887
887 879
887 812
888 867
